I
1050 Generated by WorldEditor 2.3.0r2

1   2154 0 0 CFM7 Boyle
100 60.96 3 0 0.00 0 0 0 09  54.57494219 -112.82824708    0    0 0 0 0 0 27  54.57318240 -112.81272166    0    0 0 0 0 0
110 2 0.00 0.0000 New Taxiway 98
111  54.57427677 -112.81618177
111  54.57418457 -112.81606499
111  54.57423797 -112.81594267
113  54.57433017 -112.81605945
110 2 0.00 0.0000 New Taxiway 97
111  54.57429584 -112.81704324
111  54.57426970 -112.81683911
111  54.57435227 -112.81680639
113  54.57437842 -112.81701052
110 2 0.00 0.0000 New Taxiway 96
111  54.57444752 -112.81755680
111  54.57429778 -112.81761682
111  54.57427105 -112.81743067
113  54.57442080 -112.81737066
110 3 0.00 0.0000 New Taxiway 94
112  54.57422474 -112.81750003  54.57416157 -112.81711300
111  54.57422474 -112.81750003
111  54.57403524 -112.81613851
112  54.57403524 -112.81613851  54.57403281 -112.81607245
111  54.57406791 -112.81609718
111  54.57419279 -112.81622870
112  54.57419279 -112.81622870  54.57433510 -112.81639403
111  54.57438011 -112.81664204
111  54.57450499 -112.81758896
114  54.57450499 -112.81758896  54.57449628 -112.81787204
110 5 0.00 0.0000 New Taxiway 93
112  54.57316000 -112.81251170  54.57325277 -112.81250996
111  54.57316000 -112.81251170
111  54.57340041 -112.81247093
112  54.57340041 -112.81247093  54.57357757 -112.81246717
111  54.57364368 -112.81280524
111  54.57368573 -112.81322733
111  54.57399078 -112.81575568
112  54.57409331 -112.81603871  54.57416440 -112.81610917
111  54.57409331 -112.81603871
111  54.57422535 -112.81616458
111  54.57433340 -112.81632909
112  54.57433340 -112.81632909  54.57438079 -112.81641955
111  54.57441805 -112.81662765
111  54.57455616 -112.81761351
112  54.57455616 -112.81761351  54.57457794 -112.81789909
112  54.57421177 -112.81767252  54.57410287 -112.81731178
111  54.57421177 -112.81767252
111  54.57414472 -112.81732437
111  54.57392284 -112.81557737
111  54.57362655 -112.81307759
111  54.57359817 -112.81281295
112  54.57343324 -112.81257701  54.57335425 -112.81257773
111  54.57343324 -112.81257701
111  54.57316608 -112.81261369
112  54.57316608 -112.81261369  54.57302390 -112.81261543
111  54.57292790 -112.81242738
113  54.57300497 -112.81240054
110 3 0.00 0.0000 New Taxiway 92
112  54.57461820 -112.82838777  54.57443001 -112.82806051
111  54.57461820 -112.82838777
111  54.57279485 -112.81247372
111  54.57292790 -112.81242738
112  54.57316608 -112.81261369  54.57330827 -112.81261195
111  54.57316608 -112.81261369
111  54.57343324 -112.81257701
112  54.57343324 -112.81257701  54.57351223 -112.81257629
111  54.57359817 -112.81281295
111  54.57362655 -112.81307759
111  54.57392284 -112.81557737
111  54.57414472 -112.81732437
111  54.57421177 -112.81767252
112  54.57421177 -112.81767252  54.57432068 -112.81803325
112  54.57455616 -112.81761351  54.57453438 -112.81732793
111  54.57455616 -112.81761351
111  54.57441805 -112.81662765
112  54.57433340 -112.81632909  54.57428600 -112.81623863
111  54.57433340 -112.81632909
111  54.57422535 -112.81616458
111  54.57409331 -112.81603871
112  54.57409331 -112.81603871  54.57402222 -112.81596825
111  54.57399078 -112.81575568
111  54.57368573 -112.81322733
111  54.57364368 -112.81280524
112  54.57340041 -112.81247093  54.57322326 -112.81247468
111  54.57340041 -112.81247093
111  54.57316000 -112.81251170
112  54.57316000 -112.81251170  54.57306722 -112.81251344
111  54.57300497 -112.81240054
111  54.57385750 -112.81210361
111  54.57431493 -112.81583647
111  54.57459930 -112.81614670
111  54.57466308 -112.81704493
111  54.57473836 -112.81730646
112  54.57473836 -112.81730646  54.57490302 -112.81739214
111  54.57481572 -112.81770508
111  54.57471165 -112.81793536
111  54.57462801 -112.81795700
112  54.57453810 -112.81808145  54.57448062 -112.81809502
111  54.57453810 -112.81808145
111  54.57419743 -112.81813282
111  54.57417569 -112.81816619
111  54.57416942 -112.81829172
112  54.57416942 -112.81829172  54.57422689 -112.81843785
111  54.57417067 -112.81861335
111  54.57421132 -112.81896398
112  54.57421132 -112.81896398  54.57436338 -112.81936136
111  54.57431972 -112.82024442
111  54.57523209 -112.82808817
114  54.57523209 -112.82808817  54.57516584 -112.82853924
111  54.57467379 -112.81732909
111  54.57460670 -112.81736065
111  54.57463079 -112.81747531
111  54.57459684 -112.81749472
111  54.57462864 -112.81764607
111  54.57466259 -112.81762665
111  54.57467578 -112.81768945
113  54.57474286 -112.81765788
130 Airport Boundary 99
111  54.57425587 -112.82795102
111  54.57400973 -112.82804719
111  54.57268815 -112.81569645
111  54.57271937 -112.81202983
111  54.57385884 -112.81161243
111  54.57435574 -112.81571444
111  54.57463410 -112.81612285
111  54.57472516 -112.81684542
111  54.57500612 -112.81723140
111  54.57478499 -112.81807066
111  54.57427769 -112.81831751
111  54.57546443 -112.82852855
113  54.57438696 -112.82895490
1300  54.57423625 -112.81611151 -126.30 hangar props Hangar 3
1301 A none 
1300  54.57429001 -112.81693854 -167.68 hangar props Hangar 2
1301 A none 
1300  54.57434668 -112.81742826 -256.43 hangar props Hangar 1
1301 A none 
19  54.57408984 -112.81740751 1 New Windsock 79
51 12320 Boyle Traffic
99
