A
1000 Generated by Infinite Flight Airport Editing (World Parser)/AB

1     1426 0 0 NE88 Novotny Tonar Farms
100   29.87   3   0 0.25 0 1 0 36   41.01896722 -096.86420063    0.00    0.00 0  0 0 0 18   41.02404500 -096.86404200    0.00    0.00 0  0 0 0
110   4 1.00   0.00 New Taxiway 9
111  41.01897301 -096.86438172 
112  41.01881331 -096.86427458  41.01872065 -096.86423016 
112  41.01849391 -096.86422493  41.01844462 -096.86422232 
112  41.01822577 -096.86418051  41.01815085 -096.86413870 
112  41.01805030 -096.86413086  41.01801678 -096.86414131 
112  41.01800101 -096.86420141  41.01800101 -096.86420664 
111  41.01800692 -096.86427981 
111  41.01791623 -096.86429026 
112  41.01794383 -096.86418051  41.01793989 -096.86412041 
112  41.01792215 -096.86412041  41.01791032 -096.86412302 
112  41.01755286 -096.86420506  41.01740972 -096.86429991 
112  41.01726224 -096.86452411  41.01725140 -096.86458160 
112  41.01713662 -096.86464729  41.01708652 -096.86465362 
111  41.01708175 -096.86465362 
111  41.01708414 -096.86457457 
112  41.01716525 -096.86455244  41.01720103 -096.86451450 
112  41.01725113 -096.86439119  41.01730839 -096.86431214 
112  41.01756365 -096.86414140  41.01769486 -096.86407817 
112  41.01786663 -096.86407184  41.01793104 -096.86407184 
112  41.01799068 -096.86400861  41.01799307 -096.86395486 
111  41.01798352 -096.86361971 
111  41.01802647 -096.86362603 
112  41.01805748 -096.86389478  41.01809804 -096.86394853 
112  41.01816006 -096.86405920  41.01825787 -096.86408765 
112  41.01855369 -096.86416986  41.01864196 -096.86416986 
112  41.01886827 -096.86416667  41.01888779 -096.86408906 
112  41.01894635 -096.86402583  41.01895502 -096.86402295 
111  41.01897020 -096.86402295 
113  41.01906346 -096.86419829 
14   41.01876200 -096.86440812    6 0 New Tower Viewpoint 27
15   41.01886827 -096.86427302  60.94 New Ramp Start 25
18   41.02152594 -096.86536808 1 BCN
19   41.01885309 -096.86443399 0 New Windsock 26


130 Airport Boundary
111  041.01708221 -096.86465454
111  041.02404404 -096.86404419
111  041.01798248 -096.86361694
111  041.01725006 -096.86438751
113  041.01708221 -096.86457825
99
